aa,Rnoratio,Rerror,Pnoratio,Perror,residuals_m2,projections_m2,residual_error,projection_error
A,-0.0223069162649927,0.0105874952943557,-0.0211524434719183,0.0190927768078549,0.00593302651421667,-0.03258651,0.0119263663726405,0.0146903742226516
C,0.0924824229313142,0.0232558139534884,0.155778894472362,0.0350113573826421,0.00368134877577111,0.181385940111212,0.0255420042079337,0.0297221658009584
D,0.042467779421086,0.0145355593178254,-0.0840879689521345,0.0253427885167425,0.0947092904051599,-0.04828818,0.0163058737142849,0.0198852530565828
E,-0.12869924294563,0.0131170809033351,-0.163498098859316,0.0192370481011551,-0.00395271439043704,-0.20779364,0.0143438804384594,0.0165432938396248
F,0.0278853601859024,0.0196798544011038,0.107758620689655,0.0326354617204996,-0.0235669145146307,0.105972255966939,0.0219308036152541,0.0263365156249439
G,-0.0105092966855295,0.0127154035511927,-0.0551330798479087,0.021767876962305,0.0345589326605903,-0.05330564,0.0142305209079394,0.0172584931019036
H,0.0707192296117966,0.0173474174436742,0.154838709677419,0.028055603976824,-0.0139284365786024,0.168597932886866,0.0192632988212197,0.0229501270602728
I,-0.0363569592361366,0.0135506828699927,0.0671217292377702,0.0237963328484258,-0.0546040967311273,0.0380276512558595,0.0152148290732627,0.0185947683853383
K,-0.213328075709779,0.0140413989075433,-0.0558882235528942,0.0223034384456982,-0.133982081391502,-0.16506769,0.0155510596519252,0.0184201233084709
L,-0.0371096485086122,0.0118336980469531,-0.0417789757412399,0.0183395507862409,0.00501203160535536,-0.05679737,0.0130570622988913,0.0153417627516246
M,0.140298507462687,0.0193166852321564,0.208103130755064,0.0296805131513922,0.0145692470163333,0.251300051124616,0.0212850598868782,0.024938378699945
N,-0.0644518272425249,0.0148823365912136,0.103030303030303,0.0273776168896911,-0.0978729939197307,0.051785875295766,0.0168035416380693,0.0208172029326929
P,-0.0747793776126335,0.0124427781454331,-0.244986922406277,0.0202424430004585,0.0860444657604189,-0.24578878,0.0138286814994744,0.0165064259221874
Q,-0.113986444855206,0.0143311193464116,-0.0354906054279749,0.0228311906307837,-0.0625090852870396,-0.09350436,0.0158789109877551,0.018826540649006
R,0.197010294739811,0.0118753455961408,0.0339840925524223,0.019003035506019,0.15813467494451,0.137892074519141,0.0131665264639109,0.015633076268913
S,0.0225590726705305,0.00944279064368351,0.0550898203592814,0.0172769368931826,0.0011320427978582,0.0597622925300905,0.0106550846192849,0.0131796042855729
T,0.0769826918109016,0.0113651040596533,0.0415944540727903,0.0207972583243239,0.0539353403032762,0.0782925179935437,0.0128244182252937,0.0158636161373454
V,0.0743132042030637,0.0112515911578199,0.087797619047619,0.0192134352222416,0.0261522272449446,0.114966035105637,0.0125881261652541,0.0152548654043315
W,-0.0103092783505155,0.0338448721711206,0.225806451612903,0.055329262117652,-0.120688354172751,0.182855245509248,0.03764066645209,0.0449989763669898
Y,0.00310366232153942,0.0249145030917312,-0.0214067278287462,0.0390941338663219,0.027242048957387,-0.02058972,0.0275425900151663,0.0324943968051941
